
frame 0
transform "body" 1 0 0 0 1 0 0 0 1 0 0 0
transform "neck1" 0.9903 0 -0.1393 0 1 0 0.1393 0 0.9903 0 0 0
transform "neck02" 0.9903 0 -0.1393 0 1 0 0.1393 0 0.9903 0 0 0
transform "neck03" 0.9903 0 -0.1393 0 1 0 0.1393 0 0.9903 0 0 0.0001
transform "neck04" 0.9903 0 -0.1393 0 1 0 0.1393 0 0.9903 0 -0.0001 0.0001
transform "neck05" 0.9903 0 -0.1393 0 1 0 0.1393 0 0.9903 0.1424 -2.1193 1.0124
transform "neck06" 0.9903 0 -0.1393 0 1 0 0.1393 0 0.9903 0.2847 -4.2387 2.0247
transform "neck07" 0.9903 0 -0.1393 0 1 0 0.1393 0 0.9903 0.3559 -5.2983 2.5308
transform "neck08" 0.9903 0 -0.1393 0 1 0 0.1393 0 0.9903 0.4271 -6.358 3.037
transform "neck09" 0.9903 0 -0.1393 0 1 0 0.1393 0 0.9903 0.5694 -8.4774 4.0493
transform "neck10" 0.9903 0 -0.1393 0 1 0 0.1393 0 0.9903 0.7118 -10.5967 5.0616
transform "neck11" 0.9903 0 -0.1393 0 1 0 0.1393 0 0.9903 0.886 -13.1909 6.3008
transform "neck12" 0.9903 0 -0.1393 0 1 0 0.1393 0 0.9903 1.0603 -15.7852 7.5399
transform "head" 0.9903 0 -0.1393 -0.0605 0.9007 -0.4302 0.1254 0.4344 0.8919 -17.9147 -60.5702 -138.602
transform "r-eye" 0.9903 0 -0.1393 -0.0605 0.9007 -0.4302 0.1254 0.4344 0.8919 -29.4094 -61.955 -145.3296
transform "r-pupil" 0.9903 0 -0.1393 -0.0605 0.9007 -0.4302 0.1254 0.4344 0.8919 -28.7072 -63.3988 -142.9605
transform "l-eye" 0.9903 0 -0.1393 -0.0605 0.9007 -0.4302 0.1254 0.4344 0.8919 -10.1316 -60.5702 -138.602
transform "l-pupil" 0.9903 0 -0.1393 -0.0605 0.9007 -0.4302 0.1254 0.4344 0.8919 -10.1315 -60.5702 -138.602
transform "topknotc" 0.9903 0 -0.1393 -0.0605 0.9007 -0.4302 0.1254 0.4344 0.8919 -17.9147 -60.5702 -138.602
transform "u-leg" 0.9903 0 -0.1393 0.0696 0.866 0.4951 0.1206 -0.5 0.8576 -2.9457 -22.5703 -16.9292
transform "l-leg" 0.9903 0 -0.1393 0.0696 0.866 0.4951 0.1206 -0.5 0.8576 -2.9457 -22.5703 -16.9292
transform "foot" 0.9839 -0.0791 -0.1603 0.0801 0.9968 0 0.1598 -0.0128 0.9871 8.7895 123.3906 22.37
transform "u-leg02" 0.9903 0 -0.1393 -0.0895 0.766 -0.6365 0.1067 0.6428 0.7586 -1.1664 28.3809 -8.2946
transform "l-leg02" 0.9903 0 -0.1393 0.0242 0.9848 0.172 0.1371 -0.1736 0.9752 4.0232 -117.2447 28.6097
transform "foot02" 0.9897 -0.0243 -0.1414 0.0245 0.9997 0 0.1413 -0.0035 0.99 5.3287 -64.0879 33.496
transform "tail" 0.9903 0 -0.1393 0 1 0 0.1393 0 0.9903 0 0 0
transform "post" 1 0 0 0 1 0 0 0 1 0 0.0001 0.0001
light "goldlite" -3269.3931 -3232.6406 843.9128 1 0.72 0
spotlight "spot1" 1718.2628 -626.5226 261.2238 -572.9338 -15.6695 -8.6939 0.84 0.84 0.6 21.75 26.5 1
transform "trible" 1 0 0 0 1 0 0 0 1 302.8173 -807.25 -309.8644
transform "Object03" 1 0 0 0 1 0 0 0 1 0 0 0
transform "noha leva" 0.9848 0 0.1736 0 1 0 -0.1736 0 0.9848 -160.2406 111.2688 -13.2148
transform "foot01" 0.9744 0 0.225 0 1 0 -0.225 0 0.9744 -203.3477 120.6988 -16.6325
transform "noha prava" 0.9848 0 0.1736 0 1 0 -0.1736 0 0.9848 -160.2405 111.2687 -13.2148
transform "foot03" 0.9781 0 0.2079 0 1 0 -0.2079 0 0.9781 -141.4573 117.7113 4.1388
transform "Object04" 0.9848 0 0.1736 0 1 0 -0.1736 0 0.9848 -160.2406 111.2686 -13.2148
transform "Object05" 0.9848 0 0.1736 0 1 0 -0.1736 0 0.9848 -160.2405 111.2689 -13.2149
transform "Object01" 1 0 0 0 1 0 0 0 1 0 0 0
transform "noha lev01" 0.9848 0 0.1736 0 1 0 -0.1736 0 0.9848 -160.2406 -104.4339 -13.2148
transform "foot04" 0.9781 0 0.2079 0 1 0 -0.2079 0 0.9781 -203.6728 -102.3037 -14.8688
transform "noha pra01" 0.9848 0 0.1736 0 1 0 -0.1736 0 0.9848 -160.2405 -104.434 -13.2148
transform "foot05" 0.9781 0 0.2079 0 1 0 -0.2079 0 0.9781 -147.8832 -103.4703 2.9964
transform "Object02" 1 0 0 0 1 0 0 0 1 -143.14 -88.3259 7.2841
transform "Object06" 1 0 0 0 1 0 0 0 1 -120.3832 -91.6141 7.2839
transform "Vrtulnik" 1 0 0 0 1 0 0 0 1 0 0 0
transform "zadni osa" -1 0 0 0 -1 0 0 0 1 -936.0303 -216.9745 320.4976
transform "vrotor" -1.016 -0.0323 -0.0002 -0.0599 -0.9903 0.0006 0.0022 0.0002 1 -927.2682 -219.6359 320.3885
transform "rotor" -1 0 0 0 -1 0 0 0 1 -936.0303 -216.9746 320.4976
transform "Napis" 1 0 0 0 1 0 0 0 1 0 333.2448 -45.5254
light "Light01" 5295.3286 2533.5679 833.7509 1 1 1
camera 845.3236 -929.7693 265.7405 137.4217 -185.8647 61.8472 0 50

frame 1
transform "body" 1 0 0 0 1 0 0 0 1 0 0 7.3438
transform "neck1" 0.9903 0 -0.1393 0 1 0 0.1393 0 0.9903 0 0 7.3438
transform "neck02" 0.99 -0.0009 -0.1414 0.0005 1 -0.0029 0.1414 0.0028 0.9899 -0.0269 -0.1059 7.0367
transform "neck03" 0.9896 -0.0018 -0.1436 0.001 1 -0.0057 0.1436 0.0055 0.9896 -0.0644 -0.2369 6.6812
transform "neck04" 0.9893 -0.0027 -0.1457 0.0015 1 -0.0086 0.1457 0.0083 0.9893 -0.1128 -0.3933 6.2775
transform "neck05" 0.989 -0.0036 -0.1479 0.002 0.9999 -0.0115 0.1479 0.011 0.9889 -0.0252 -2.6831 6.8609
transform "neck06" 0.9887 -0.0046 -0.15 0.0024 0.9999 -0.0143 0.1501 0.0138 0.9886 0.0535 -4.993 7.408
transform "neck07" 0.9883 -0.0055 -0.1522 0.0029 0.9998 -0.0172 0.1522 0.0165 0.9882 0.0483 -6.2722 7.3955
transform "neck08" 0.988 -0.0064 -0.1543 0.0034 0.9998 -0.02 0.1544 0.0193 0.9878 0.0325 -7.5748 7.3412
transform "neck09" 0.9877 -0.0074 -0.1564 0.0038 0.9997 -0.0229 0.1566 0.022 0.9874 0.082 -9.9493 7.7743
transform "neck10" 0.9873 -0.0083 -0.1586 0.0043 0.9997 -0.0258 0.1587 0.0248 0.987 0.1217 -12.3446 8.1716
transform "neck11" 0.987 -0.0093 -0.1607 0.0047 0.9996 -0.0287 0.1609 0.0275 0.9866 0.1862 -15.2296 8.773
transform "neck12" 0.9866 -0.0102 -0.1628 0.0051 0.9995 -0.0315 0.1631 0.0303 0.9862 0.2412 -18.1346 9.3414
transform "head" 0.9862 -0.0112 -0.1649 -0.0668 0.8858 -0.4592 0.1512 0.4639 0.8729 -22.9633 -68.147 -135.4163
transform "r-eye" 0.9859 -0.0121 -0.1671 -0.0673 0.8845 -0.4616 0.1534 0.4663 0.8712 -35.1774 -70.5298 -142.382
transform "r-pupil" 0.9855 -0.0131 -0.1692 -0.0679 0.8832 -0.464 0.1555 0.4687 0.8695 -34.9661 -72.753 -140.6026
transform "l-eye" 0.9862 -0.0112 -0.1649 -0.0668 0.8858 -0.4592 0.1512 0.4639 0.8729 -15.183 -68.1973 -135.6192
transform "l-pupil" 0.9862 -0.0112 -0.1649 -0.0668 0.8858 -0.4592 0.1512 0.4639 0.8729 -15.183 -68.1973 -135.6192
transform "topknotc" 0.9862 -0.0112 -0.1649 -0.0668 0.8858 -0.4592 0.1512 0.4639 0.8729 -22.9633 -68.1469 -135.4163
transform "u-leg" 0.9903 0 -0.1393 0.053 0.9247 0.3769 0.1288 -0.3806 0.9157 -1.0791 -17.2516 1.849
transform "l-leg" 0.9903 0 -0.1393 0.065 0.8844 0.4621 0.1232 -0.4667 0.8758 -2.0932 -32.352 -5.3624
transform "foot" 0.9849 -0.0724 -0.157 0.0733 0.9973 0 0.1566 -0.0115 0.9876 7.9342 104.1052 28.6167
transform "u-leg02" 0.9903 0 -0.1393 -0.0746 0.8446 -0.5302 0.1176 0.5354 0.8364 -0.62 23.5328 1.3657
transform "l-leg02" 0.9903 0 -0.1393 0.0295 0.9773 0.2097 0.1361 -0.2118 0.9678 2.4581 -109.5967 23.2545
transform "foot02" 0.9894 -0.0299 -0.1424 0.0302 0.9996 0 0.1424 -0.0043 0.9898 4.4135 -44.7933 30.4712
transform "tail" 0.9903 0 -0.1393 0 1 0 0.1393 0 0.9903 0 0 7.3437
transform "post" 1 0 0 0 1 0 0 0 1 0 19.5704 0.0001
light "goldlite" -3269.3931 -3232.6406 843.9128 1 0.72 0
spotlight "spot1" 1718.2628 -626.5226 261.2238 -572.9338 -15.6695 -8.6939 0.84 0.84 0.6 21.75 26.5 1
transform "trible" 0.9945 0 0 0 0.9945 0 0 0 1.0081 301.0593 -762.2089 -311.7427
transform "Object03" 0.9978 0 -0.0662 0 1 0 0.0662 0 0.9978 13.856 0 -1.4209
transform "noha leva" 0.9941 0 0.1081 0.0249 0.973 -0.2293 -0.1052 0.2306 0.9673 -157.5174 181.7029 93.606
transform "foot01" 0.9873 0.0121 0.1585 0.0249 0.973 -0.2293 -0.157 0.2303 0.9604 -200.5092 191.8288 90.7775
transform "noha prava" 0.9941 0 0.1081 -0.0249 0.973 0.2293 -0.1052 -0.2306 0.9673 -134.6814 64.8183 -116.4751
transform "foot03" 0.9899 -0.008 0.1418 -0.0249 0.973 0.2293 -0.1398 -0.2305 0.963 -114.9108 67.8981 -99.2967
transform "Object04" 0.9941 0 0.1081 0 1 0 -0.1081 0 0.9941 -146.9079 111.2686 -3.9973
transform "Object05" 0.9941 0 0.1081 0 1 0 -0.1081 0 0.9941 -146.9079 111.2689 -3.9973
transform "Object01" 0.9978 0 -0.0662 0 1 0 0.0662 0 0.9978 13.856 0 -1.4209
transform "noha lev01" 0.9941 0 0.1081 0.0249 0.973 -0.2293 -0.1052 0.2306 0.9673 -170.8802 -19.5465 216.5382
transform "foot04" 0.9899 0.008 0.1418 0.0249 0.973 -0.2293 -0.1398 0.2305 0.963 -214.2563 -16.11 217.1166
transform "noha pra01" 0.9941 0 0.1081 -0.0249 0.973 0.2293 -0.1052 -0.2306 0.9673 -121.3187 -136.431 -239.4073
transform "foot05" 0.9899 -0.008 0.1418 -0.0249 0.973 0.2293 -0.1398 -0.2305 0.963 -107.8989 -138.6803 -224.1992
transform "Object02" 0.9978 0 -0.0662 0 1 0 0.0662 0 0.9978 -128.4876 -88.3259 15.3244
transform "Object06" 0.9978 0 -0.0662 0 1 0 0.0662 0 0.9978 -105.7808 -91.6141 13.8175
transform "Vrtulnik" 1 0 0 0 1 0 0 0 1 0.6641 20.6963 -1.201
transform "zadni osa" -1 0 0 0 -1 0 0 0 1 -935.3661 -196.2782 319.2966
transform "vrotor" -1.016 -0.0323 -0.0002 -0.0599 -0.9903 0.0006 0.0022 0.0002 1 -926.6041 -198.9395 319.1876
transform "rotor" -1 0 0 0 -1 0 0 0 1 -935.3661 -196.2782 319.2966
transform "Napis" 1 0 0 0 1 0 0 0 1 0.6642 353.9411 -46.7264
light "Light01" 5295.3286 2533.5679 833.7509 1 1 1
camera 845.3236 -929.7693 265.7405 137.4217 -185.8647 61.8472 0 50

frame 2
transform "body" 1 0 0 0 1 0 0 0 1 0 0 13.75
transform "neck1" 0.9903 0 -0.1393 0 1 0 0.1393 0 0.9903 0 0 13.75
transform "neck02" 0.9897 -0.0013 -0.1433 0.0005 1 -0.0059 0.1433 0.0058 0.9897 -0.101 -0.2243 13.1107
transform "neck03" 0.9891 -0.0027 -0.1473 0.0009 0.9999 -0.0119 0.1473 0.0116 0.989 -0.2315 -0.5038 12.3719
transform "neck04" 0.9885 -0.004 -0.1513 0.0014 0.9998 -0.0178 0.1513 0.0174 0.9883 -0.3923 -0.8394 11.5344
transform "neck05" 0.9879 -0.0054 -0.1552 0.0018 0.9997 -0.0237 0.1553 0.0232 0.9876 -0.4293 -3.3274 11.659
transform "neck06" 0.9872 -0.0068 -0.1592 0.0021 0.9996 -0.0297 0.1593 0.0289 0.9868 -0.4917 -5.8614 11.7102
transform "neck07" 0.9866 -0.0083 -0.1632 0.0025 0.9994 -0.0356 0.1634 0.0347 0.986 -0.6612 -7.4012 11.1471
transform "neck08" 0.9859 -0.0097 -0.1671 0.0028 0.9991 -0.0415 0.1674 0.0405 0.9851 -0.8609 -8.9951 10.5006
transform "neck09" 0.9852 -0.0112 -0.171 0.0031 0.9989 -0.0475 0.1714 0.0462 0.9841 -1.0074 -11.6793 10.3247
transform "neck10" 0.9845 -0.0127 -0.175 0.0034 0.9986 -0.0534 0.1754 0.052 0.9831 -1.1821 -14.4131 10.0787
transform "neck11" 0.9838 -0.0142 -0.1789 0.0037 0.9982 -0.0593 0.1794 0.0577 0.9821 -1.3464 -17.6585 10.0164
transform "neck12" 0.983 -0.0158 -0.1828 0.0039 0.9979 -0.0653 0.1834 0.0635 0.981 -1.5388 -20.9525 9.8907
transform "head" 0.9823 -0.0174 -0.1867 -0.0777 0.8684 -0.4898 0.1706 0.4956 0.8516 -28.2544 -76.6863 -133.2005
transform "r-eye" 0.9815 -0.019 -0.1905 -0.0793 0.8655 -0.4946 0.1743 0.5006 0.848 -41.2114 -80.2641 -140.3899
transform "r-pupil" 0.9807 -0.0206 -0.1944 -0.0809 0.8626 -0.4994 0.178 0.5055 0.8443 -41.562 -83.3822 -139.1495
transform "l-eye" 0.9823 -0.0174 -0.1867 -0.0777 0.8684 -0.4898 0.1706 0.4956 0.8516 -20.4806 -76.7452 -133.5772
transform "l-pupil" 0.9823 -0.0174 -0.1867 -0.0777 0.8684 -0.4898 0.1706 0.4956 0.8516 -20.4806 -76.7452 -133.5772
transform "topknotc" 0.9823 -0.0174 -0.1867 -0.0777 0.8684 -0.4898 0.1706 0.4956 0.8516 -28.2544 -76.6863 -133.2005
transform "u-leg" 0.9903 0 -0.1393 0.0331 0.9713 0.2355 0.1353 -0.2379 0.9618 0.5857 -10.831 18.514
transform "l-leg" 0.9903 0 -0.1393 0.0596 0.9036 0.4241 0.1258 -0.4283 0.8948 -1.1287 -44.2719 6.3228
transform "foot" 0.986 -0.0651 -0.1538 0.0659 0.9978 0 0.1534 -0.0101 0.9881 7.1505 81.1597 34.724
transform "u-leg02" 0.9903 0 -0.1393 -0.0561 0.9152 -0.399 0.1275 0.4029 0.9063 -0.1315 17.6234 9.7211
transform "l-leg02" 0.9903 0 -0.1393 0.0356 0.9668 0.253 0.1346 -0.2554 0.9574 0.9622 -99.5552 17.4987
transform "foot02" 0.9889 -0.0364 -0.1439 0.0368 0.9993 0 0.1438 -0.0053 0.9896 3.8377 -21.4079 27.9683
transform "tail" 0.9903 0 -0.1393 0 1 0 0.1393 0 0.9903 0 0 13.75
transform "post" 1 0 0 0 1 0 0 0 1 0 39.1417 0.0001
light "goldlite" -3269.3931 -3232.6406 843.9128 1 0.72 0
spotlight "spot1" 1718.2628 -626.5226 261.2238 -572.9338 -15.6695 -8.6939 0.84 0.84 0.6 21.75 26.5 1
transform "trible" 0.9853 0 0 0 0.9853 0 0 0 1.0215 298.1292 -716.7679 -319.6625
transform "Object03" 0.9899 0 -0.1417 0 1 0 0.1417 0 0.9899 29.583 0 -4.174
transform "noha leva" 0.9995 0 0.0323 0.0145 0.8936 -0.4486 -0.0289 0.4488 0.8932 -136.6 274.6191 181.3511
transform "foot01" 0.9966 0.0235 0.079 0.0145 0.8936 -0.4486 -0.0811 0.4482 0.8903 -179.6054 284.895 179.4096
transform "noha prava" 0.9995 0 0.0323 -0.0145 0.8936 0.4486 -0.0289 -0.4488 0.8932 -123.312 44.2413 -229.6319
transform "foot03" 0.9979 -0.0157 0.0635 -0.0145 0.8936 0.4486 -0.0637 -0.4485 0.8915 -102.3047 43.7924 -213.6958
transform "Object04" 0.9995 0 0.0323 0 1 0 -0.0323 0 0.9995 -130.9129 111.2686 5.456
transform "Object05" 0.9995 0 0.0323 0 1 0 -0.0323 0 0.9995 -130.9129 111.2689 5.456
transform "Object01" 0.9899 0 -0.1417 0 1 0 0.1417 0 0.9899 29.583 0.0001 -4.174
transform "noha lev01" 0.9995 0 0.0323 0.0145 0.8936 -0.4486 -0.0289 0.4488 0.8932 -144.3765 115.9506 421.8716
transform "foot04" 0.9979 0.0157 0.0635 0.0145 0.8936 -0.4486 -0.0637 0.4485 0.8915 -187.5536 120.5081 424.806
transform "noha pra01" 0.9995 0 0.0323 -0.0145 0.8936 0.4486 -0.0289 -0.4488 0.8932 -115.5354 -114.4271 -470.1524
transform "foot05" 0.9979 -0.0157 0.0635 -0.0145 0.8936 0.4486 -0.0637 -0.4485 0.8915 -100.9717 -119.768 -456.8931
transform "Object02" 0.9899 0 -0.1417 0 1 0 0.1417 0 0.9899 -111.0796 -88.3258 23.3243
transform "Object06" 0.9899 0 -0.1417 0 1 0 0.1417 0 0.9899 -88.5526 -91.614 20.0987
transform "Vrtulnik" 1 0 0 0 1 0 0 0 1 1.328 41.3872 -2.3967
transform "zadni osa" -1 0 0 0 -1 0 0 0 1 -934.7023 -175.5873 318.1009
transform "vrotor" -1.016 -0.0323 -0.0002 -0.0599 -0.9903 0.0006 0.0022 0.0002 1 -925.9402 -178.2487 317.9919
transform "rotor" -1 0 0 0 -1 0 0 0 1 -934.7023 -175.5873 318.1009
transform "Napis" 1 0 0 0 1 0 0 0 1 1.3281 374.632 -47.9221
light "Light01" 5295.3286 2533.5679 833.7509 1 1 1
camera 845.3236 -929.7693 265.7405 137.4217 -185.8647 61.8472 0 50

frame 3
transform "body" 1 0 0 0 1 0 0 0 1 0 0 18.2813
transform "neck1" 0.9903 0 -0.1393 0 1 0 0.1393 0 0.9903 0 0 18.2813
transform "neck02" 0.9895 -0.0013 -0.1448 0 1 -0.0092 0.1448 0.0091 0.9894 -0.2147 -0.3535 17.2894
transform "neck03" 0.9886 -0.0027 -0.1504 -0.0001 0.9998 -0.0183 0.1504 0.0181 0.9885 -0.4843 -0.7972 16.1453
transform "neck04" 0.9878 -0.0041 -0.1559 -0.0002 0.9996 -0.0275 0.156 0.0272 0.9874 -0.8106 -1.3337 14.851
transform "neck05" 0.9869 -0.0056 -0.1614 -0.0003 0.9993 -0.0367 0.1615 0.0362 0.9862 -1.0296 -4.0467 14.4947
transform "neck06" 0.9859 -0.0071 -0.1669 -0.0005 0.999 -0.0458 0.1671 0.0453 0.9849 -1.2965 -6.8382 14.029
transform "neck07" 0.985 -0.0087 -0.1724 -0.0008 0.9985 -0.055 0.1726 0.0543 0.9835 -1.7017 -8.6799 12.8948
transform "neck08" 0.984 -0.0104 -0.1779 -0.0011 0.9979 -0.0641 0.1782 0.0633 0.982 -2.1639 -10.6148 11.6373
transform "neck09" 0.983 -0.012 -0.1833 -0.0015 0.9973 -0.0732 0.1837 0.0723 0.9803 -2.589 -13.6652 10.8374
transform "neck10" 0.9819 -0.0138 -0.1887 -0.0019 0.9966 -0.0824 0.1892 0.0812 0.9786 -3.0676 -16.8029 9.9362
transform "neck11" 0.9808 -0.0155 -0.1941 -0.0023 0.9958 -0.0915 0.1948 0.0902 0.9767 -3.5552 -20.4823 9.2032
transform "neck12" 0.9797 -0.0174 -0.1995 -0.0028 0.9949 -0.1006 0.2003 0.0991 0.9747 -4.0958 -24.2483 8.3809
transform "head" 0.9786 -0.0193 -0.2049 -0.0925 0.8483 -0.5214 0.1838 0.5291 0.8284 -33.5953 -86.1262 -132.7631
transform "r-eye" 0.9774 -0.0212 -0.2102 -0.0954 0.8435 -0.5286 0.1885 0.5367 0.8224 -47.2853 -91.0842 -140.1365
transform "r-pupil" 0.9762 -0.0232 -0.2155 -0.0984 0.8386 -0.5357 0.1931 0.5442 0.8164 -48.2306 -95.2143 -139.3616
transform "l-eye" 0.9786 -0.0193 -0.2049 -0.0925 0.8483 -0.5214 0.1838 0.5291 0.8284 -25.8299 -86.1575 -133.2879
transform "l-pupil" 0.9786 -0.0193 -0.2049 -0.0925 0.8483 -0.5214 0.1838 0.5291 0.8284 -25.8299 -86.1575 -133.2879
transform "topknotc" 0.9786 -0.0193 -0.2049 -0.0925 0.8483 -0.5214 0.1838 0.5291 0.8284 -33.5953 -86.1262 -132.7631
transform "u-leg" 0.9903 0 -0.1393 0.0111 0.9968 0.0792 0.1388 -0.08 0.9871 1.8562 -3.6613 31.0173
transform "l-leg" 0.9903 0 -0.1393 0.0538 0.9223 0.3828 0.1284 -0.3866 0.9133 -0.0589 -57.5529 17.3985
transform "foot" 0.9869 -0.0576 -0.1507 0.0583 0.9983 0 0.1505 -0.0088 0.9886 6.5582 55.8171 40.3722
transform "u-leg02" 0.9903 0 -0.1393 -0.0351 0.9678 -0.2494 0.1348 0.2519 0.9583 0.2396 10.9626 15.4543
transform "l-leg02" 0.9903 0 -0.1393 0.042 0.9533 0.299 0.1328 -0.302 0.944 -0.2723 -87.5008 11.8144
transform "foot02" 0.9883 -0.0436 -0.1459 0.0441 0.999 0 0.1458 -0.0064 0.9893 3.8005 4.8324 26.45
transform "tail" 0.9903 0 -0.1393 0 1 0 0.1393 0 0.9903 0 0 18.2812
transform "post" 1 0 0 0 1 0 0 0 1 0 58.713 0.0001
light "goldlite" -3269.3931 -3232.6406 843.9128 1 0.72 0
spotlight "spot1" 1718.2628 -626.5226 261.2238 -572.9338 -15.6695 -8.6939 0.84 0.84 0.6 21.75 26.5 1
transform "trible" 0.9835 0 0 0 0.9835 0 0 0 1.0242 297.5432 -672.1266 -340.8472
transform "Object03" 0.9763 0 -0.2164 0 1 0 0.2164 0 0.9763 45.0558 0 -8.1125
transform "noha leva" 0.999 0 -0.0436 -0.0218 0.866 -0.4995 0.0378 0.5 0.8652 -105.8867 301.0995 205.1428
transform "foot01" 0.9997 0.0262 0.0017 -0.0218 0.866 -0.4995 -0.0146 0.4993 0.8663 -148.9415 311.326 205.8742
transform "noha prava" 0.999 0 -0.0436 0.0218 0.866 0.4995 0.0378 -0.5 0.8652 -125.865 43.2523 -252.4362
transform "foot03" 0.9998 -0.0174 -0.0134 0.0218 0.866 0.4995 0.0029 -0.4997 0.8662 -103.7113 41.9175 -238.192
transform "Object04" 0.999 0 -0.0436 0 1 0 0.0436 0 0.999 -114.2467 111.2686 13.6684
transform "Object05" 0.999 0 -0.0436 0 1 0 0.0436 0 0.999 -114.2466 111.2689 13.6683
transform "Object01" 0.9763 0 -0.2164 0 1 0 0.2164 0 0.9763 45.0558 0 -8.1125
transform "noha lev01" 0.999 0 -0.0436 -0.0218 0.866 -0.4995 0.0378 0.5 0.8652 -94.1924 157.2341 472.9877
transform "foot04" 0.9998 0.0174 -0.0134 -0.0218 0.866 -0.4995 0.0029 0.4997 0.8662 -137.0341 162.0355 478.9179
transform "noha pra01" 0.999 0 -0.0436 0.0218 0.866 0.4995 0.0378 -0.5 0.8652 -137.5594 -100.6132 -520.2811
transform "foot05" 0.9998 -0.0174 -0.0134 0.0218 0.866 0.4995 0.0029 -0.4997 0.8662 -122.046 -106.6882 -508.497
transform "Object02" 0.9763 0 -0.2164 0 1 0 0.2164 0 0.9763 -93.1147 -88.3259 29.9801
transform "Object06" 0.9763 0 -0.2164 0 1 0 0.2164 0 0.9763 -70.8974 -91.6141 25.0545
transform "Vrtulnik" 1 0 0 0 1 0 0 0 1 1.9914 62.0671 -3.5819
transform "zadni osa" -1 0 0 0 -1 0 0 0 1 -934.0389 -154.9075 316.9157
transform "vrotor" -1.016 -0.0323 -0.0002 -0.0599 -0.9903 0.0006 0.0022 0.0002 1 -925.2768 -157.5688 316.8067
transform "rotor" -1 0 0 0 -1 0 0 0 1 -934.0389 -154.9075 316.9157
transform "Napis" 1 0 0 0 1 0 0 0 1 1.9914 395.3118 -49.1073
light "Light01" 5295.3286 2533.5679 833.7509 1 1 1
camera 845.3236 -929.7693 265.7405 137.4217 -185.8647 61.8472 0 50

frame 4
transform "body" 1 0 0 0 1 0 0 0 1 0 0 20
transform "neck1" 0.9903 0 -0.1393 0 1 0 0.1393 0 0.9903 0 0 20
transform "neck02" 0.9893 -0.001 -0.1461 -0.0009 0.9999 -0.0125 0.1461 0.0125 0.9892 -0.3602 -0.4917 18.6398
transform "neck03" 0.9882 -0.0021 -0.153 -0.0018 0.9997 -0.025 0.153 0.025 0.9879 -0.8058 -1.1137 17.0739
transform "neck04" 0.9871 -0.0032 -0.1598 -0.0028 0.9993 -0.0376 0.1598 0.0375 0.9864 -1.3395 -1.8713 15.3066
transform "neck05" 0.986 -0.0045 -0.1666 -0.0039 0.9987 -0.0501 0.1666 0.05 0.9848 -1.7853 -4.8353 14.4548
transform "neck06" 0.9848 -0.0058 -0.1733 -0.0051 0.998 -0.0625 0.1734 0.0625 0.9829 -2.3056 -7.917 13.4594
transform "neck07" 0.9836 -0.0072 -0.1801 -0.0064 0.9972 -0.075 0.1801 0.0749 0.9808 -3.0012 -10.1022 11.7435
transform "neck08" 0.9824 -0.0087 -0.1868 -0.0078 0.9961 -0.0874 0.1868 0.0874 0.9785 -3.785 -12.4282 9.8677
transform "neck09" 0.981 -0.0103 -0.1935 -0.0093 0.995 -0.0999 0.1935 0.0998 0.976 -4.5507 -15.903 8.4413
transform "neck10" 0.9797 -0.012 -0.2001 -0.0108 0.9936 -0.1123 0.2002 0.1121 0.9733 -5.3989 -19.512 6.8875
transform "neck11" 0.9783 -0.0137 -0.2068 -0.0124 0.9921 -0.1246 0.2069 0.1245 0.9704 -6.2784 -23.702 5.4922
transform "neck12" 0.9768 -0.0156 -0.2134 -0.0141 0.9905 -0.1369 0.2135 0.1368 0.9673 -7.2394 -28.0268 3.9885
transform "head" 0.9754 -0.0175 -0.2199 -0.11 0.8257 -0.5532 0.1913 0.5638 0.8035 -38.7913 -96.3836 -134.9323
transform "r-eye" 0.9738 -0.0195 -0.2265 -0.1145 0.8186 -0.5628 0.1964 0.574 0.795 -53.1701 -102.89 -142.4293
transform "r-pupil" 0.9722 -0.0216 -0.233 -0.1191 0.8114 -0.5722 0.2014 0.584 0.7864 -54.7049 -108.1458 -142.0285
transform "l-eye" 0.9754 -0.0175 -0.2199 -0.11 0.8257 -0.5532 0.1913 0.5638 0.8035 -31.0354 -96.3567 -135.5826
transform "l-pupil" 0.9754 -0.0175 -0.2199 -0.11 0.8257 -0.5532 0.1913 0.5638 0.8035 -31.0354 -96.3568 -135.5825
transform "topknotc" 0.9754 -0.0175 -0.2199 -0.11 0.8257 -0.5532 0.1913 0.5638 0.8035 -38.7913 -96.3836 -134.9323
transform "u-leg" 0.9903 0 -0.1393 -0.0115 0.9966 -0.0815 0.1388 0.0823 0.9869 2.5661 3.7827 37.4985
transform "l-leg" 0.9903 0 -0.1393 0.0478 0.9392 0.34 0.1308 -0.3433 0.9301 1.0383 -71.1395 26.634
transform "foot" 0.9877 -0.0503 -0.1481 0.0508 0.9987 0 0.1479 -0.0075 0.989 6.1709 29.6842 44.6556
transform "u-leg02" 0.9903 0 -0.1393 -0.0128 0.9958 -0.0911 0.1387 0.092 0.9861 0.4575 3.9846 17.4187
transform "l-leg02" 0.9903 0 -0.1393 0.0485 0.9373 0.3452 0.1305 -0.3486 0.9282 -1.1135 -74.2496 6.2474
transform "foot02" 0.9876 -0.0511 -0.1484 0.0517 0.9987 0 0.1482 -0.0077 0.9889 4.4037 32.2809 25.8167
transform "tail" 0.9903 0 -0.1393 0 1 0 0.1393 0 0.9903 0 0 20
transform "post" 1 0 0 0 1 0 0 0 1 0 78.2833 0.0001
light "goldlite" -3269.3931 -3232.6406 843.9128 1 0.72 0
spotlight "spot1" 1718.2628 -626.5226 261.2238 -572.9338 -15.6695 -8.6939 0.84 0.84 0.6 21.75 26.5 1
transform "trible" 1 0 0 0 1 0 0 0 1 302.8173 -629.4844 -380.6002
transform "Object03" 0.9598 0 -0.2806 0 1 0 0.2806 0 0.9598 58.2758 0 -12.4987
transform "noha leva" 0.994 0 -0.1097 -0.0443 0.9148 -0.4014 0.1003 0.4039 0.9093 -81.5665 254.4369 179.9152
transform "foot01" 0.9979 0.0211 -0.0619 -0.0443 0.9148 -0.4014 0.0482 0.4033 0.9138 -124.3569 264.7275 184.5967
transform "noha prava" 0.994 0 -0.1097 0.0443 0.9148 0.4014 0.1003 -0.4039 0.9093 -122.125 45.7631 -187.6778
transform "foot03" 0.9969 -0.0141 -0.0779 0.0443 0.9148 0.4014 0.0656 -0.4036 0.9126 -99.0708 46.0722 -174.8766
transform "Object04" 0.994 0 -0.1097 0 1 0 0.1097 0 0.994 -99.2349 111.2686 19.7817
transform "Object05" 0.994 0 -0.1097 0 1 0 0.1097 0 0.994 -99.2349 111.2689 19.7816
transform "Object01" 0.9598 0 -0.2806 0 1 0 0.2806 0 0.9598 58.2758 0 -12.4987
transform "noha lev01" 0.994 0 -0.1097 -0.0443 0.9148 -0.4014 0.1003 0.4039 0.9093 -57.8177 84.4064 395.1566
transform "foot04" 0.9969 0.0141 -0.0779 -0.0443 0.9148 -0.4014 0.0656 0.4036 0.9126 -100.1187 88.7432 404.4007
transform "noha pra01" 0.994 0 -0.1097 0.0443 0.9148 0.4014 0.1003 -0.4039 0.9093 -145.8738 -124.2675 -402.9192
transform "foot05" 0.9969 -0.0141 -0.0779 0.0443 0.9148 0.4014 0.0656 -0.4036 0.9126 -129.5504 -128.9668 -391.6099
transform "Object02" 0.9598 0 -0.2806 0 1 0 0.2806 0 0.9598 -77.0694 -88.3259 34.6585
transform "Object06" 0.9598 0 -0.2806 0 1 0 0.2806 0 0.9598 -55.2269 -91.6141 28.2727
transform "Vrtulnik" 1 0 0 0 1 0 0 0 1 2.6539 82.7305 -4.7512
transform "zadni osa" -1 0 0 0 -1 0 0 0 1 -933.3763 -134.2441 315.7464
transform "vrotor" -1.016 -0.0323 -0.0002 -0.0599 -0.9903 0.0006 0.0022 0.0002 1 -924.6143 -136.9054 315.6373
transform "rotor" -1 0 0 0 -1 0 0 0 1 -933.3763 -134.2441 315.7464
transform "Napis" 1 0 0 0 1 0 0 0 1 2.654 415.9752 -50.2766
light "Light01" 5295.3286 2533.5679 833.7509 1 1 1
camera 845.3236 -929.7693 265.7405 137.4217 -185.8647 61.8472 0 50

frame 5
transform "body" 1 0 0 0 1 0 0 0 1 0 0 18.5185
transform "neck1" 0.9903 0 -0.1393 0 1 0 0.1393 0 0.9903 0 0 18.5185
transform "neck02" 0.9891 -0.0004 -0.1471 -0.002 0.9999 -0.016 0.1471 0.0161 0.989 -0.5299 -0.637 16.7788
transform "neck03" 0.9879 -0.0008 -0.155 -0.0042 0.9995 -0.0319 0.1549 0.0322 0.9874 -1.1789 -1.4497 14.78
transform "neck04" 0.9867 -0.0015 -0.1628 -0.0064 0.9988 -0.0479 0.1627 0.0483 0.9855 -1.9506 -2.4469 12.5294
transform "neck05" 0.9853 -0.0022 -0.1707 -0.0088 0.9979 -0.0638 0.1705 0.0643 0.9833 -2.6555 -5.6865 11.1743
transform "neck06" 0.9839 -0.0031 -0.1785 -0.0113 0.9968 -0.0796 0.1781 0.0804 0.9807 -3.4636 -9.0902 9.6442
transform "neck07" 0.9825 -0.0041 -0.1862 -0.014 0.9953 -0.0955 0.1858 0.0964 0.9779 -4.4872 -11.6594 7.3446
transform "neck08" 0.981 -0.0052 -0.194 -0.0167 0.9937 -0.1112 0.1933 0.1124 0.9747 -5.6327 -14.4261 4.8531
transform "neck09" 0.9794 -0.0064 -0.2017 -0.0196 0.9917 -0.127 0.2009 0.1283 0.9712 -6.7793 -18.3832 2.8082
transform "neck10" 0.9778 -0.0078 -0.2094 -0.0226 0.9895 -0.1426 0.2083 0.1442 0.9674 -8.0391 -22.5313 0.6162
transform "neck11" 0.9761 -0.0093 -0.217 -0.0258 0.9871 -0.1582 0.2157 0.1601 0.9633 -9.3527 -27.309 -1.4199
transform "neck12" 0.9744 -0.0109 -0.2246 -0.029 0.9844 -0.1738 0.223 0.1759 0.9588 -10.7774 -32.2803 -3.5755
transform "head" 0.9726 -0.0127 -0.2322 -0.1292 0.8007 -0.585 0.1934 0.5989 0.7771 -43.6549 -107.3494 -140.007
transform "r-eye" 0.9707 -0.0146 -0.2397 -0.1355 0.791 -0.5966 0.1983 0.6116 0.7659 -58.645 -115.5495 -147.5514
transform "r-pupil" 0.9688 -0.0166 -0.2472 -0.1418 0.7811 -0.6081 0.2032 0.6242 0.7544 -60.7278 -122.0345 -147.4203
transform "l-eye" 0.9726 -0.0127 -0.2322 -0.1292 0.8007 -0.585 0.1934 0.5989 0.7771 -35.9093 -107.2395 -140.7627
transform "l-pupil" 0.9726 -0.0127 -0.2322 -0.1292 0.8007 -0.585 0.1934 0.5989 0.7771 -35.9093 -107.2395 -140.7627
transform "topknotc" 0.9726 -0.0127 -0.2322 -0.1292 0.8007 -0.585 0.1934 0.5989 0.7771 -43.6549 -107.3494 -140.007
transform "u-leg" 0.9903 0 -0.1393 -0.0331 0.9713 -0.2354 0.1353 0.2377 0.9619 2.5823 10.9771 36.8813
transform "l-leg" 0.9903 0 -0.1393 0.0419 0.9537 0.2978 0.1328 -0.3007 0.9444 1.9994 -83.9069 32.7362
transform "foot" 0.9884 -0.0434 -0.1459 0.0439 0.999 0 0.1457 -0.0064 0.9893 5.8809 4.4927 46.5061
transform "u-leg02" 0.9903 0 -0.1393 0.0091 0.9979 0.0648 0.139 -0.0654 0.9881 0.5173 -2.8181 15.2355
transform "l-leg02" 0.9903 0 -0.1393 0.0547 0.9197 0.3889 0.1281 -0.3927 0.9107 -1.5108 -60.8717 0.8138
transform "foot02" 0.9868 -0.0587 -0.1512 0.0594 0.9982 0 0.1509 -0.009 0.9885 5.623 59.0834 25.7922
transform "tail" 0.9903 0 -0.1393 0 1 0 0.1393 0 0.9903 0 0 18.5185
transform "post" 1 0 0 0 1 0 0 0 1 0 97.8546 0.0001
light "goldlite" -3269.3931 -3232.6406 843.9128 1 0.72 0
spotlight "spot1" 1718.2628 -626.5226 261.2238 -572.9338 -15.6695 -8.6939 0.84 0.84 0.6 21.75 26.5 1
transform "trible" 1.132 0 0 0 1.132 0 0 0 0.8065 345.0098 -599.4363 -405.8288
transform "Object03" 0.9456 0 -0.3253 0 1 0 0.3253 0 0.9456 67.4371 0 -16.1251
transform "noha leva" 0.9877 0 -0.1561 -0.0331 0.9773 -0.2091 0.1526 0.2117 0.9654 -74.2849 176.8266 112.7321
transform "foot01" 0.9944 0.0111 -0.1054 -0.0331 0.9773 -0.2091 0.1007 0.2114 0.9722 -116.4859 186.915 121.4572
transform "noha prava" 0.9877 0 -0.1561 0.0331 0.9773 0.2091 0.1526 -0.2117 0.9654 -104.5124 67.0134 -78.5173
transform "foot03" 0.9925 -0.0074 -0.1223 0.0331 0.9773 0.2091 0.118 -0.2116 0.9702 -80.9421 70.3824 -67.1792
transform "Object04" 0.9877 0 -0.1561 0 1 0 0.1561 0 0.9877 -88.3885 111.2686 23.4989
transform "Object05" 0.9877 0 -0.1561 0 1 0 0.1561 0 0.9877 -88.3885 111.2689 23.4988
transform "Object01" 0.9456 0 -0.3253 0 1 0 0.3253 0 0.9456 67.4371 0 -16.1251
transform "noha lev01" 0.9877 0 -0.1561 -0.0331 0.9773 -0.2091 0.1526 0.2117 0.9654 -56.5634 -26.7225 224.8559
transform "foot04" 0.9925 0.0074 -0.1223 -0.0331 0.9773 -0.2091 0.118 0.2116 0.9702 -98.2633 -23.3888 236.8409
transform "noha pra01" 0.9877 0 -0.1561 0.0331 0.9773 0.2091 0.1526 -0.2117 0.9654 -122.2339 -136.5357 -190.6411
transform "foot05" 0.9925 -0.0074 -0.1223 0.0331 0.9773 0.2091 0.118 -0.2116 0.9702 -105.2926 -138.5195 -179.4386
transform "Object02" 0.9456 0 -0.3253 0 1 0 0.3253 0 0.9456 -65.5502 -88.3259 37.321
transform "Object06" 0.9456 0 -0.3253 0 1 0 0.3253 0 0.9456 -44.031 -91.6141 29.9188
transform "Vrtulnik" 1 0 0 0 1 0 0 0 1 3.3154 103.3719 -5.8995
transform "zadni osa" -1 0 0 0 -1 0 0 0 1 -932.7148 -113.6027 314.5981
transform "vrotor" -1.016 -0.0323 -0.0002 -0.0599 -0.9903 0.0006 0.0022 0.0002 1 -923.9528 -116.264 314.4891
transform "rotor" -1 0 0 0 -1 0 0 0 1 -932.7148 -113.6027 314.5981
transform "Napis" 1 0 0 0 1 0 0 0 1 3.3155 436.6166 -51.4249
light "Light01" 5295.3286 2533.5679 833.7509 1 1 1
camera 845.3236 -929.7693 265.7405 137.4217 -185.8647 61.8472 0 50

frame 6
transform "body" 1 0 0 0 1 0 0 0 1 0 0 14.8148
transform "neck1" 0.9903 0 -0.1393 0 1 0 0.1393 0 0.9903 0 0 14.8148
transform "neck02" 0.989 0.0005 -0.1479 -0.0034 0.9998 -0.0195 0.1479 0.0198 0.9888 -0.716 -0.7877 12.6888
transform "neck03" 0.9877 0.0008 -0.1566 -0.007 0.9992 -0.0389 0.1564 0.0395 0.9869 -1.5865 -1.8013 10.2512
transform "neck04" 0.9863 0.001 -0.1652 -0.0107 0.9982 -0.0583 0.1649 0.0593 0.9845 -2.6157 -3.0544 7.5128
transform "neck05" 0.9848 0.0009 -0.1738 -0.0147 0.9969 -0.0777 0.1732 0.079 0.9817 -3.5994 -6.5918 5.6528
transform "neck06" 0.9832 0.0007 -0.1825 -0.0187 0.9951 -0.0969 0.1815 0.0987 0.9784 -4.7154 -10.3471 3.5895
transform "neck07" 0.9816 0.0004 -0.1911 -0.023 0.993 -0.1161 0.1897 0.1184 0.9747 -6.0879 -13.3386 0.712
transform "neck08" 0.9799 -0.0002 -0.1996 -0.0274 0.9904 -0.1352 0.1977 0.138 0.9705 -7.6158 -16.5933 -2.3843
transform "neck09" 0.9781 -0.0009 -0.2082 -0.0319 0.9875 -0.1543 0.2057 0.1575 0.9659 -9.1629 -21.0881 -5.0305
transform "neck10" 0.9762 -0.0018 -0.2167 -0.0366 0.9842 -0.1732 0.2136 0.177 0.9608 -10.8528 -25.8405 -7.8367
transform "neck11" 0.9743 -0.0029 -0.2252 -0.0415 0.9805 -0.192 0.2213 0.1964 0.9552 -12.6172 -31.2803 -10.4813
transform "neck12" 0.9723 -0.0041 -0.2336 -0.0465 0.9764 -0.2107 0.229 0.2157 0.9492 -14.5202 -36.9828 -13.2476
transform "head" 0.9703 -0.0055 -0.242 -0.1493 0.7734 -0.6161 0.1906 0.6339 0.7496 -48.0139 -118.887 -146.9416
transform "r-eye" 0.9681 -0.0071 -0.2504 -0.1573 0.7608 -0.6297 0.1949 0.649 0.7354 -63.5083 -128.8964 -154.4469
transform "r-pupil" 0.9659 -0.0088 -0.2587 -0.1654 0.7478 -0.643 0.1991 0.6638 0.7209 -66.0653 -136.6973 -154.4731
transform "l-eye" 0.9703 -0.0055 -0.242 -0.1493 0.7734 -0.6161 0.1906 0.6339 0.7496 -40.2795 -118.6747 -147.785
transform "l-pupil" 0.9703 -0.0055 -0.242 -0.1493 0.7734 -0.6161 0.1906 0.6339 0.7496 -40.2795 -118.6747 -147.785
transform "topknotc" 0.9703 -0.0055 -0.242 -0.1493 0.7734 -0.6161 0.1906 0.6339 0.7496 -48.0139 -118.887 -146.9416
transform "u-leg" 0.9903 0 -0.1393 -0.0523 0.9267 -0.3722 0.129 0.3759 0.9176 1.6258 17.4355 29.0034
transform "l-leg" 0.9903 0 -0.1393 0.0363 0.9654 0.2583 0.1344 -0.2608 0.956 2.3988 -94.9007 34.5005
transform "foot" 0.9889 -0.0372 -0.1441 0.0376 0.9993 0 0.144 -0.0054 0.9896 5.2866 -18.1564 44.8403
transform "u-leg02" 0.9903 0 -0.1393 0.0291 0.9779 0.2072 0.1362 -0.2093 0.9683 0.4451 -8.9763 10.113
transform "l-leg02" 0.9903 0 -0.1393 0.0602 0.9018 0.4279 0.1256 -0.4321 0.893 -1.4997 -48.4463 -3.7166
transform "foot02" 0.9859 -0.0658 -0.1541 0.0666 0.9978 0 0.1537 -0.0103 0.9881 7.3 83.442 26.7161
transform "tail" 0.9903 0 -0.1393 0 1 0 0.1393 0 0.9903 0 0 14.8148
transform "post" 1 0 0 0 1 0 0 0 1 0 117.4249 0.0001
light "goldlite" -3269.3931 -3232.6406 843.9128 1 0.72 0
spotlight "spot1" 1718.2628 -626.5226 261.2238 -572.9338 -15.6695 -8.6939 0.84 0.84 0.6 21.75 26.5 1
transform "trible" 1.2347 0 0 0 1.2347 0 0 0 0.656 377.8262 -566.1896 -415.7946
transform "Object03" 0.9397 0 -0.342 0 1 0 0.342 0 0.9397 70.8661 0 -17.6124
transform "noha leva" 0.9848 0 -0.1736 0.0057 0.9995 0.0322 0.1736 -0.0327 0.9843 -86.9477 104.0995 9.3657
transform "foot01" 0.9925 -0.0017 -0.1219 0.0057 0.9995 0.0322 0.1218 -0.0327 0.992 -128.5708 113.3897 21.1993
transform "noha prava" 0.9848 0 -0.1736 -0.0057 0.9995 -0.0322 0.1736 0.0327 0.9843 -81.6541 120.5219 39.3864
transform "foot03" 0.9903 0.0011 -0.1392 -0.0057 0.9995 -0.0322 0.1391 0.0327 0.9897 -58.1063 127.4134 49.0544
transform "Object04" 0.9848 0 -0.1736 0 1 0 0.1736 0 0.9848 -84.2305 111.2686 24.7753
transform "Object05" 0.9848 0 -0.1736 0 1 0 0.1736 0 0.9848 -84.2305 111.2689 24.7752
transform "Object01" 0.9397 0 -0.342 0 1 0 0.342 0 0.9397 70.8661 0 -17.6124
transform "noha lev01" 0.9848 0 -0.1736 0.0057 0.9995 0.0322 0.1736 -0.0327 0.9843 -89.9941 -111.3161 -7.9117
transform "foot04" 0.9903 -0.0011 -0.1392 0.0057 0.9995 0.0322 0.1391 -0.0327 0.9897 -131.3613 -109.3805 5.4543
transform "noha pra01" 0.9848 0 -0.1736 -0.0057 0.9995 -0.0322 0.1736 0.0327 0.9843 -78.6076 -94.8937 56.6639
transform "foot05" 0.9903 0.0011 -0.1392 -0.0057 0.9995 -0.0322 0.1391 0.0327 0.9897 -61.4577 -93.4784 67.6327
transform "Object02" 0.9397 0 -0.342 0 1 0 0.342 0 0.9397 -61.1502 -88.3259 38.1892
transform "Object06" 0.9397 0 -0.342 0 1 0 0.342 0 0.9397 -39.7659 -91.6141 30.4057
transform "Vrtulnik" 1 0 0 0 1 0 0 0 1 3.9756 123.9858 -7.0214
transform "zadni osa" -1 0 0 0 -1 0 0 0 1 -932.0547 -92.9888 313.4763
transform "vrotor" -1.016 -0.0323 -0.0002 -0.0599 -0.9903 0.0006 0.0022 0.0002 1 -923.2926 -95.6501 313.3672
transform "rotor" -1 0 0 0 -1 0 0 0 1 -932.0547 -92.9888 313.4763
transform "Napis" 1 0 0 0 1 0 0 0 1 3.9756 457.2305 -52.5468
light "Light01" 5295.3286 2533.5679 833.7509 1 1 1
camera 845.3236 -929.7693 265.7405 137.4217 -185.8647 61.8472 0 50

frame 7
transform "body" 1 0 0 0 1 0 0 0 1 0 0 10
transform "neck1" 0.9903 0 -0.1393 0 1 0 0.1393 0 0.9903 0 0 10
transform "neck02" 0.9889 0.0015 -0.1484 -0.005 0.9997 -0.023 0.1484 0.0235 0.9887 -0.9109 -0.9416 7.4854
transform "neck03" 0.9875 0.0028 -0.1577 -0.0102 0.9989 -0.0459 0.1574 0.0469 0.9864 -2.0117 -2.164 4.608
transform "neck04" 0.986 0.0039 -0.1669 -0.0155 0.9975 -0.0688 0.1662 0.0704 0.9836 -3.3067 -3.6864 1.3829
transform "neck05" 0.9844 0.0047 -0.1761 -0.0211 0.9956 -0.0915 0.1749 0.0938 0.9801 -4.5767 -7.5411 -0.9781
transform "neck06" 0.9827 0.0053 -0.1854 -0.0269 0.9931 -0.1142 0.1835 0.1172 0.976 -6.0068 -11.674 -3.5668
transform "neck07" 0.9809 0.0057 -0.1946 -0.0329 0.9901 -0.1367 0.1919 0.1405 0.9713 -7.7327 -15.1219 -7.0099
transform "neck08" 0.979 0.0059 -0.2038 -0.0391 0.9865 -0.1591 0.2001 0.1638 0.966 -9.6452 -18.907 -10.693
transform "neck09" 0.977 0.0059 -0.213 -0.0455 0.9824 -0.1814 0.2082 0.1869 0.9601 -11.5922 -23.9898 -13.9162
transform "neck10" 0.975 0.0056 -0.2222 -0.052 0.9777 -0.2035 0.2161 0.21 0.9535 -13.7083 -29.4056 -17.3046
transform "neck11" 0.9729 0.0051 -0.2314 -0.0587 0.9725 -0.2254 0.2238 0.2329 0.9464 -15.9158 -35.5751 -20.5176
transform "neck12" 0.9706 0.0044 -0.2405 -0.0656 0.9667 -0.2472 0.2314 0.2557 0.9387 -18.2847 -42.0854 -23.845
transform "head" 0.9684 0.0035 -0.2496 -0.1692 0.7442 -0.6462 0.1835 0.668 0.7212 -51.7184 -130.8316 -154.5799
transform "r-eye" 0.966 0.0024 -0.2586 -0.1789 0.7283 -0.6615 0.1868 0.6853 0.7039 -67.5868 -142.7302 -161.9554
transform "r-pupil" 0.9635 0.001 -0.2676 -0.1886 0.712 -0.6764 0.1898 0.7022 0.6862 -70.5173 -151.9105 -162.0236
transform "l-eye" 0.9684 0.0035 -0.2496 -0.1692 0.7442 -0.6462 0.1835 0.668 0.7212 -43.9962 -130.503 -155.495
transform "l-pupil" 0.9684 0.0035 -0.2496 -0.1692 0.7442 -0.6462 0.1835 0.668 0.7212 -43.9962 -130.503 -155.495
transform "topknotc" 0.9684 0.0035 -0.2496 -0.1692 0.7442 -0.6462 0.1835 0.668 0.7212 -51.7184 -130.8316 -154.5799
transform "u-leg" 0.9903 0 -0.1393 -0.0681 0.8722 -0.4845 0.1215 0.4892 0.8637 -0.1564 22.7791 15.848
transform "l-leg" 0.9903 0 -0.1393 0.0315 0.9741 0.2238 0.1357 -0.226 0.9646 2.1478 -103.5163 32.2332
transform "foot" 0.9892 -0.032 -0.1429 0.0323 0.9995 0 0.1428 -0.0046 0.9897 4.297 -36.9906 39.9918
transform "u-leg02" 0.9903 0 -0.1393 0.046 0.9439 0.3271 0.1314 -0.3304 0.9347 0.2924 -14.1125 3.5719
transform "l-leg02" 0.9903 0 -0.1393 0.0647 0.8856 0.4599 0.1233 -0.4645 0.877 -1.1878 -37.844 -6.954
transform "foot02" 0.985 -0.0719 -0.1568 0.0728 0.9973 0 0.1564 -0.0114 0.9876 9.1598 103.838 28.44
transform "tail" 0.9903 0 -0.1393 0 1 0 0.1393 0 0.9903 0 0 10
transform "post" 1 0 0 0 1 0 0 0 1 0 136.9962 0.0001
light "goldlite" -3269.3931 -3232.6406 843.9128 1 0.72 0
spotlight "spot1" 1718.2628 -626.5226 261.2238 -572.9338 -15.6695 -8.6939 0.84 0.84 0.6 21.75 26.5 1
transform "trible" 1.132 0 0 0 1.132 0 0 0 0.8065 345.0098 -510.5535 -431.0967
transform "Object03" 0.9482 0 -0.3176 0 1 0 0.3176 0 0.9482 65.8699 0 -15.4693
transform "noha leva" 0.989 0 -0.1481 0.0397 0.9634 0.2652 0.1427 -0.2682 0.9527 -110.0826 60.3637 -109.3772
transform "foot01" 0.9951 -0.014 -0.0981 0.0397 0.9634 0.2652 0.0907 -0.2678 0.9592 -151.6909 68.3435 -96.5749
transform "noha prava" 0.989 0 -0.1481 -0.0397 0.9634 -0.2652 0.1427 0.2682 0.9527 -73.5891 198.3239 134.2672
transform "foot03" 0.9933 0.0094 -0.1148 -0.0397 0.9634 -0.2652 0.1081 0.268 0.9573 -50.5977 208.2387 142.547
transform "Object04" 0.989 0 -0.1481 0 1 0 0.1481 0 0.989 -90.2707 111.2686 22.8943
transform "Object05" 0.989 0 -0.1481 0 1 0 0.1481 0 0.989 -90.2707 111.2689 22.8943
transform "Object01" 0.9482 0 -0.3176 0 1 0 0.3176 0 0.9482 65.8699 0 -15.4693
transform "noha lev01" 0.989 0 -0.1481 0.0397 0.9634 0.2652 0.1427 -0.2682 0.9527 -131.3826 -135.6985 -251.5851
transform "foot04" 0.9933 -0.0094 -0.1148 0.0397 0.9634 0.2652 0.1081 -0.268 0.9573 -173.0388 -135.232 -239.0081
transform "noha pra01" 0.989 0 -0.1481 -0.0397 0.9634 -0.2652 0.1427 0.2682 0.9527 -52.289 2.2617 276.4751
transform "foot05" 0.9933 0.0094 -0.1148 -0.0397 0.9634 -0.2652 0.1081 0.268 0.9573 -35.5359 6.8959 287.166
transform "Object02" 0.9482 0 -0.3176 0 1 0 0.3176 0 0.9482 -67.5449 -88.3259 36.9005
transform "Object06" 0.9482 0 -0.3176 0 1 0 0.3176 0 0.9482 -45.9665 -91.6141 29.6725
transform "Vrtulnik" 1 0 0 0 1 0 0 0 1 4.6342 144.5667 -8.1116
transform "zadni osa" -1 0 0 0 -1 0 0 0 1 -931.3961 -72.4078 312.386
transform "vrotor" -1.016 -0.0323 -0.0002 -0.0599 -0.9903 0.0006 0.0022 0.0002 1 -922.634 -75.0692 312.2769
transform "rotor" -1 0 0 0 -1 0 0 0 1 -931.3961 -72.4078 312.386
transform "Napis" 1 0 0 0 1 0 0 0 1 4.6342 477.8115 -53.637
light "Light01" 5295.3286 2533.5679 833.7509 1 1 1
camera 845.3236 -929.7693 265.7405 137.4217 -185.8647 61.8472 0 50

frame 8
transform "body" 1 0 0 0 1 0 0 0 1 0 0 5.1852
transform "neck1" 0.9903 0 -0.1393 0 1 0 0.1393 0 0.9903 0 0 5.1852
transform "neck02" 0.9889 0.0026 -0.1488 -0.0066 0.9996 -0.0265 0.1486 0.0272 0.9885 -1.1069 -1.0967 2.284
transform "neck03" 0.9874 0.005 -0.1583 -0.0135 0.9985 -0.0529 0.1578 0.0543 0.986 -2.4376 -2.5331 -1.0294
transform "neck04" 0.9858 0.007 -0.1679 -0.0206 0.9967 -0.0791 0.1668 0.0815 0.9826 -3.9962 -4.3348 -4.7348
transform "neck05" 0.9841 0.0088 -0.1776 -0.0279 0.9941 -0.1053 0.1756 0.1086 0.9785 -5.5478 -8.5219 -7.5876
transform "neck06" 0.9823 0.0104 -0.1872 -0.0355 0.9907 -0.1313 0.1841 0.1356 0.9735 -7.2846 -13.0535 -10.6887
transform "neck07" 0.9803 0.0117 -0.1969 -0.0433 0.9866 -0.1571 0.1925 0.1625 0.9677 -9.3529 -16.9857 -14.6794
transform "neck08" 0.9783 0.0127 -0.2066 -0.0513 0.9818 -0.1827 0.2006 0.1894 0.9612 -11.635 -21.3365 -18.9254
transform "neck09" 0.9762 0.0134 -0.2163 -0.0596 0.9763 -0.2082 0.2084 0.2161 0.9539 -13.9625 -27.0492 -22.6954
transform "neck10" 0.974 0.0139 -0.226 -0.068 0.97 -0.2333 0.216 0.2426 0.9458 -16.4801 -33.1778 -26.6283
transform "neck11" 0.9717 0.0141 -0.2357 -0.0766 0.963 -0.2583 0.2234 0.269 0.9369 -19.1004 -40.1334 -30.3639
transform "neck12" 0.9693 0.014 -0.2454 -0.0854 0.9553 -0.2829 0.2305 0.2952 0.9272 -21.8986 -47.5157 -34.1969
transform "head" 0.9668 0.0137 -0.255 -0.1882 0.7134 -0.675 0.1727 0.7006 0.6923 -54.6467 -142.9934 -161.7886
transform "r-eye" 0.9643 0.0131 -0.2646 -0.1993 0.694 -0.6918 0.1746 0.7198 0.6718 -70.7425 -156.8206 -168.9455
transform "r-pupil" 0.9616 0.0122 -0.2742 -0.2104 0.6741 -0.708 0.1762 0.7385 0.6508 -73.9266 -167.4152 -168.9435
